250885.64365079365
243112.6984126984
87812.06349206349
241835.9865079365
230777.39603174603
183330.87301587302
314215.99682539684
138299.52222222224
370528.3
314363.826984127
113825.55555555556
466307.9888888889
177301.27063492063
370092.5333333333
363446.2309523809
179680.79365079364
100464.04761904762
113316.03174603175
277463.09523809527
288555.2182539682
189590.0
300747.4817460317
235891.84285714285
214402.77777777778
113547.22222222222
274820.4793650794
249849.31031746033
276747.8603174603
365079.64603174606
306008.50396825396
139111.50793650793
381693.6150793651
186056.52698412698
301357.66349206347
272333.10714285716
402688.72063492064
112522.85793650793
279056.923015873
211972.6984126984
257448.43968253967
228896.98492063492
75746.50793650794
165428.49523809523
164991.74603174604
191285.00158730158
293321.27301587304
249007.54365079364
54997.857142857145
142426.82539682538
222947.16746031746
326068.6404761905
241576.98492063492
124601.42857142857
95356.50793650794
279496.6928571428
351699.67619047617
152820.55555555556
178459.12698412698
236296.82936507938
87968.88888888889
153182.77777777778
284155.49761904764
303941.66746031743
213422.38174603175
54945.63492063492
192958.88888888888
281095.9634920635
191909.20634920636
148637.46587301587
134399.12698412698
81788.0142857143
182355.00476190477
198958.01746031747
135367.24126984127
168760.07936507938
197724.92222222223
223258.25396825396
359895.2880952381
329140.5365079365
268807.30634920637
78470.54920634921
352112.5365079365
310787.30476190476
195390.87380952382
147665.0
218158.80952380953
232908.29126984128
444219.47857142857
101689.44444444444
135756.11111111112
150118.25396825396
178267.61904761905
120683.96825396825
91380.71428571429
156348.73015873015
161364.69444444444
230989.2142857143
98734.92063492064
225541.4365079365
138273.73015873015
473636.3634920635
291486.68174603174
152951.90476190476
263744.2896825397
166608.33571428573
191114.60317460317
191896.26984126985
199122.5492063492
81251.90476190476
300120.63015873014
267533.9873015873
230202.07142857142
268570.03015873017
222885.55555555556
189147.38095238095
136026.5873015873
154201.5896825397
277876.3603174603
105632.38174603175
194624.2111111111
110877.53968253969
294251.97698412696
385751.02857142856
95659.60317460318
229470.47777777776
382455.84365079366
208396.1150793651
233664.52380952382
388757.3611111111
309692.40476190473
105030.63492063493
114293.25396825396
211930.95555555556
103746.8253968254
169817.62142857144
113004.36507936507
175681.50793650793
179941.43095238096
162095.00238095238
204499.36904761905
128198.88888888889
212881.82539682538
74572.38095238095
395215.5722222222
261919.05317460318
335103.0753968254
431811.3515873016
118205.47619047618
88961.59682539683
112833.10952380953
192938.9111111111
155060.48174603176
100592.93650793651
452979.8904761905
238575.2507936508
371378.75873015873
137297.6984126984
119013.88888888889
104899.84206349206
193629.07777777777
237440.79682539683
105391.98412698413
171674.05873015872
211065.2380952381
183839.60317460317
280113.1253968254
287919.5238095238
110205.15873015873
112980.87301587302
100591.66666666667
189928.25952380954
108693.41269841269
248188.49523809523
267016.9238095238
159503.49206349207
182302.61904761905
181695.95238095237
299465.09206349205
394684.1904761905
193406.10079365078
119917.77777777778
278743.80396825395
166914.60317460317
128694.12698412698
89494.12857142858
375807.25873015873
99204.83968253968
177803.4134920635
225560.11428571428
182730.79523809525
232910.79523809525
269019.30476190476
214938.25952380954
185863.33492063492
186419.20634920636
220782.70396825398
466690.6912698413
187332.8777777778
204487.726984127
269310.1650793651
117949.20634920635
165773.4126984127
232037.59365079366
170397.0634920635
219496.90714285715
245861.51507936508
102302.85714285714
366816.13333333336
148530.2380952381
120202.14682539682
255946.58809523808
224277.4626984127
80191.19047619047
63797.142857142855
189268.03015873017
225135.5611111111
126734.84126984127
126595.63492063493
135942.61904761905
233804.14920634922
121074.2126984127
101022.38095238095
187346.82777777777
97462.77777777778
193413.25396825396
131428.57142857142
107589.44444444444
62901.11111111111
190527.0634920635
106454.04761904762
242478.65714285715
342667.2436507936
270300.25238095236
287654.75238095236
151548.01746031747
206093.6507936508
239183.75158730158
261467.31031746033
131476.11111111112
264756.3023809524
434380.18412698415
129435.3992063492
159786.66666666666
322526.9674603175
150023.49206349207
229447.31666666668
206970.15873015873
199602.3015873016
249483.5746031746
105687.21984126983
191642.3134920635
142757.0642857143
162004.44444444444
235447.0634920635
235240.00555555554
196281.03174603175
284703.7706349206
184326.03174603175
243055.65
103868.57301587301
165186.03174603175
144652.85714285713
293837.4746031746
225846.83095238096
164776.12301587302
126665.87857142858
196945.31746031746
210261.26984126985
147263.80952380953
118454.20634920635
122193.43809523809
170397.6984126984
282689.76666666666
224164.29206349206
228181.7507936508
171466.74761904762
181162.4619047619
242263.84047619047
440990.82380952383
156674.2857142857
105407.14285714286
356221.78095238097
190721.50793650793
258146.99285714285
355718.8888888889
207089.46984126983
70570.07936507936
236031.9880952381
214104.84126984127
147981.19047619047
268090.4023809524
157588.73015873015
415008.60793650796
127768.33333333333
174898.8111111111
277003.1793650794
192240.31746031746
177168.01746031747
292507.3912698413
430097.4555555555
434387.01746031747
260791.29603174602
81486.11111111111
350931.08650793653
266600.80476190476
61071.11031746032
277874.296031746
156187.77777777778
128417.46031746031
451809.74047619046
98440.79365079365
72691.11111111111
111605.79365079365
479556.8857142857
456044.72142857144
111855.71428571429
195086.35
72452.46031746031
320130.96984126983
176527.61904761905
104967.93650793651
74322.14285714286
100480.23968253969
229835.95396825398
75300.15873015873
456380.1873015873
231055.43174603174
97394.44603174603
175154.20793650794
180856.26984126985
84709.28412698413
265219.6158730159
233622.0388888889
166505.07936507938
369084.24206349207
126051.8238095238
66268.09523809524
143578.09523809524
236002.46031746033
164700.00793650793
157453.09523809524
254076.19285714286
81859.68253968254
201674.68412698412
65629.36507936507
185045.39682539683
251292.55555555556
364229.59285714285
194260.87301587302
363143.73253968253
106398.6507936508
333855.7357142857
156938.09523809524
288603.74682539684
326461.99523809523
162369.60317460317
282536.43968253967
104357.06349206349
110508.09523809524
155997.38174603175
125035.31746031746
82414.84126984127
240213.9134920635
188852.49523809523
281524.0587301587
141551.3492063492
227547.14920634922
103319.60317460318
85637.06349206349
268423.5761904762
143083.58412698412
155323.8119047619
280461.4404761905
107887.93650793651
122481.19126984126
271037.97777777776
304545.8484126984
425400.7261904762
185474.84444444443
230950.39920634922
293007.8611111111
71094.28571428571
69999.84126984127
372265.14365079365
121598.49206349206
128697.85714285714
201363.49206349207
258194.76904761905
251745.4253968254
109200.71428571429
230626.2785714286
194620.23888888888
398952.2174603175
77820.95238095238
69457.53968253969
134865.40952380953
206871.826984127
140223.01666666666
136180.7142857143
90244.60317460318
250487.30476190476
331730.55
230360.63888888888
320287.13174603175
74366.03174603175
84789.12698412698
167272.14523809523
182370.95238095237
321546.0492063492
321016.78095238097
203261.5873015873
272597.0142857143
269100.8023809524
82266.58730158731
176172.38174603175
53769.28571428572
160430.15873015873
110915.71428571429
289349.0190476191
484634.63333333336
132977.38095238095
252196.19285714286
137624.52380952382
183128.89047619049
388110.2952380952
128923.49206349206
213911.06904761904
93386.74682539683
70569.12698412698
289322.6253968254
138663.49206349207
439541.6246031746
242003.18253968254
320358.4412698413
256681.13015873017
118794.7626984127
290978.0253968254
143622.77777777778
77862.30634920635
368136.2055555555
121988.25396825396
78102.14285714286
149115.0
185322.22301587302
255162.78015873017
251502.3396825397
185466.11111111112
328573.06746031746
127344.44444444444
62346.11111111111
189939.52698412698
151612.9365079365
71751.3492063492
146721.19365079366
125509.84126984127
379346.20634920633
297289.7833333333
261623.74047619046
305958.59206349205
245621.16746031746
90125.23809523809
294946.3873015873
96393.96825396825
101618.57142857143
105039.20634920635
143553.80952380953
186878.96825396825
180109.20634920636
144989.60396825397
285621.35555555555
162853.33333333334
184401.3492063492
145067.54047619048
118356.98412698413
219116.5134920635
328461.84523809527
265525.80396825395
326471.93412698415
189374.68253968254
152672.77777777778
303196.2031746032
238845.33015873015
191050.24285714285
74914.44444444444
123996.19047619047
221605.31746031746
138295.2380952381
87498.88888888889
373048.84920634923
193640.87380952382
282872.0753968254
230420.47936507937
172473.33333333334
248107.22222222222
291621.29365079367
314109.41746031743
57578.25396825397
149775.15873015873
334518.88174603175
175192.54047619048
184411.50793650793
495405.08095238096
194323.96904761906
232320.80317460318
461007.9801587302
121445.47619047618
209929.45555555556
320916.39285714284
93567.77777777778
124370.39682539682
218449.20476190475
159615.31746031746
272739.68412698415
220201.3492063492
199646.90476190476
111756.8253968254
119436.58730158731
387875.02142857143
440499.9555555555
164894.12857142856
309871.15873015876
264855.32301587303
101018.73095238095
103288.01587301587
269303.5888888889
255698.02063492063
275912.77936507936
110868.88888888889
146461.50793650793
290230.40634920634
486041.50317460316
163359.12698412698
287074.58174603176
300890.09920634923
193891.47301587302
255490.81666666668
181023.80952380953
118823.25396825396
122223.33333333333
222282.9484126984
178559.76428571428
210067.61904761905
435593.9253968254
155636.66666666666
301305.22857142857
154551.66666666666
209759.92142857143
133221.9841269841
161647.85714285713
161869.7619047619
335038.5055555556
82560.95238095238
209822.1476190476
72601.03174603175
183124.2857142857
177553.80952380953
258264.61587301586
88095.79365079365
364777.76746031747
89056.8238095238
194360.47857142857
298764.953968254
223027.0738095238
216660.08809523808
462125.72142857144
199415.15873015873
210581.99206349207
354034.05634920637
170379.12698412698
361847.3603174603
308832.8626984127
138110.6349206349
222943.49603174604
164921.42857142858
177957.38095238095
105373.80952380953
288110.57936507935
154076.5873015873
165820.87301587302
68022.85714285714
124803.33333333333
141779.3650793651
235734.20634920636
332342.99126984127
249765.32936507938
147386.50793650793
157751.68015873016
426312.14444444445
177672.86666666667
141531.9841269841
145227.22222222222
379139.95238095237
430815.99047619046
71008.57142857143
168317.7
255650.65396825396
122652.93650793651
155905.39682539683
314107.50793650793
203331.82539682538
141500.47619047618
231022.30793650795
284863.8142857143
216042.7880952381
204716.11428571428
169217.46031746033
210558.88888888888
187985.31746031746
405994.50793650793
167631.5873015873
259318.26507936508
207504.84285714285
76575.79365079365
104216.66666666667
183572.0634920635
88682.53968253969
266990.3357142857
191974.1484126984
234348.17460317462
111248.88888888889
271036.0507936508
181254.60476190477
469110.7357142857
312262.2698412698
200738.9896825397
261815.1023809524
110586.74603174604
197766.74603174604
131375.7142857143
125089.60317460318
480498.4674603175
217790.95238095237
193816.03333333333
350916.7507936508
164688.65158730157
472045.68412698415
89738.96825396825
184340.87301587302
60208.01587301587
139241.82539682538
230432.6984126984
294464.0
133027.0634920635
161631.98571428572
89662.22222222222
116362.30158730158
200099.84126984127
426041.8023809524
300043.6928571428
112208.1746031746
297080.09365079366
278797.46587301587
187812.38333333333
150930.39682539683
172127.22936507937
186706.66666666666
143782.6984126984
207171.75158730158
121797.93650793651
195551.45317460317
193871.74761904762
151350.2380952381
57911.5873015873
268718.12063492066
68246.42857142857
155814.44444444444
125858.41269841269
213544.4484126984
62092.619047619046
229874.92063492062
245996.90714285715
356778.0579365079
290111.35634920635
189854.68412698412
493311.64603174606
254866.50873015873
255352.15396825396
250588.74126984127
178400.71507936507
266317.6238095238
214314.70714285714
167772.6984126984
164493.25476190477
270911.44365079363
275552.7865079365
174049.44523809524
299093.93968253967
230891.59444444443
384536.4142857143
361410.63095238095
155120.0007936508
197855.0873015873
187476.74603174604
185350.31746031746
248054.44682539682
333004.8007936508
98916.66666666667
229357.85873015874
139047.6984126984
149637.77777777778
216780.47777777776
171691.3492063492
279417.46984126983
454370.19682539685
218482.94444444444
186811.66666666666
110012.54047619048
333267.35714285716
261348.88968253968
157336.90476190476
161216.43174603174
176983.49206349207
189317.78015873017
261421.38571428572
173909.1277777778
159057.46031746033
154869.52380952382
226216.90634920634
255752.22301587302
299882.26587301586
331940.43968253967
173362.14444444445
260274.06587301588
156762.61904761905
151899.44444444444
72807.61904761905
176158.49206349207
342645.6484126984
237495.40714285715
130219.92936507937
167607.9365079365
90244.20634920635
133099.04761904763
206442.85952380951
246082.36746031747
188761.8261904762
138563.01666666666
203351.5103174603
130208.1746031746
348143.7134920635
74710.38253968254
217475.31746031746
181181.75634920635
116180.95238095238
194005.4103174603
72187.14285714286
124886.98412698413
198595.39682539683
64515.0
246773.80952380953
210311.98888888888
389140.8142857143
179465.3984126984
180576.90476190476
175171.9865079365
168608.88888888888
83509.52380952382
157333.88968253968
191031.7468253968
127417.38412698412
229068.33492063492
453444.9619047619
212095.33174603173
89214.04761904762
211961.09761904762
427142.3619047619
170563.65396825396
95064.44444444444
357840.28095238097
214399.0492063492
200823.0158730159
100401.03174603175
334245.903968254
176711.03174603175
436685.81825396826
264252.06666666665
150610.23888888888
253704.16587301588
108976.03174603175
314917.8611111111
306421.85
82924.12698412698
179143.65555555557
74483.09523809524
356609.6738095238
188600.6349206349
109955.07936507936
171302.7142857143
211506.92222222223
110741.11111111111
101724.92063492064
88930.07777777778
182170.42063492062
104718.33333333333
139298.25396825396
245989.45
129432.85714285714
281156.3753968254
288413.7134920635
134172.53968253967
256835.6349206349
53610.555555555555
218701.48095238095
157889.64444444445
107754.36507936507
124984.76190476191
109419.92063492064
363606.21904761903
184791.60555555555
69885.87301587302
228275.71666666667
206532.85714285713
71933.6507936508
246695.8753968254
133246.11111111112
163392.78968253967
193535.24444444446
212456.82539682538
343777.3841269841
324287.1595238095
92355.71428571429
91864.76190476191
491866.3595238095
102871.98412698413
136934.1380952381
134030.1634920635
231630.6603174603
326983.7698412698
197680.55555555556
407003.98333333334
233817.14285714287
184567.16666666666
226984.20873015872
137737.38095238095
105298.6507936508
77989.52380952382
433721.546031746
218469.05476190476
364136.4158730159
70129.44365079365
77511.66666666667
327305.85714285716
211900.47619047618
253786.27222222224
360985.4293650794
166217.14285714287
108403.01587301587
261689.7007936508
155921.66666666666
486351.01031746034
207956.66746031746
93416.8253968254
78304.36507936507
110900.23809523809
80629.28571428571
160625.31746031746
165894.84444444443
104389.52380952382
235200.0873015873
195881.5888888889
394028.6412698413
206728.01746031747
163081.26984126985
160049.69047619047
302539.7626984127
146280.31746031746
79816.26984126984
203599.46031746033
174261.19126984128
123428.89047619047
362628.653968254
412418.04126984125
91081.66666666667
149180.47619047618
390495.5587301587
269257.70238095237
285537.4238095238
143884.12936507937
137298.57142857142
195828.3365079365
110844.04761904762
97785.79365079365
236373.5031746032
157244.52380952382
196246.75873015873
145345.16587301588
266190.0198412698
155999.84126984127
290674.44444444444
298308.6912698413
145088.88888888888
115029.20634920635
347078.6738095238
342236.5246031746
217928.74523809523
251659.39920634922
93802.46031746031
206499.76428571428
199176.3492063492
143927.53968253967
377476.72142857144
102952.46031746031
309385.67142857146
221455.63968253968
216759.12857142856
260785.32539682538
198915.08492063492
192599.92063492062
158191.8261904762
243006.82857142857
60683.94920634921
83802.93650793651
346424.70634920633
330197.40793650795
195652.23253968253
185881.82539682538
218273.57777777777
282791.77222222224
393808.9857142857
164723.88888888888
53241.666666666664
108898.33333333333
353662.45634920633
242664.45317460317
389343.1865079365
235468.6507936508
118277.85714285714
291879.7103174603
208079.5253968254
153167.6222222222
211778.98571428572
356755.16984126985
91911.19047619047
67445.55555555556
190098.80952380953
327469.70793650794
423136.1849206349
279137.2571428571
147938.88888888888
396972.0182539683
178681.3492063492
173808.81031746033
243616.29603174602
245305.20873015872
178630.3984126984
200415.47936507937
135317.22222222222
258966.77777777778
128473.25396825396
150971.35079365078
260931.28333333333
124461.66666666667
61033.333333333336
78631.58730158731
97295.63492063493
300030.66746031743
174464.68412698412
445920.4023809524
487023.6611111111
192023.80952380953
164479.60317460317
202525.79365079364
114404.92063492064
202356.29206349206
80642.3753968254
254493.41587301588
183665.55714285714
175861.03174603175
253896.84682539682
100932.30238095239
121265.95238095238
295049.91825396824
128141.90476190476
192964.92063492062
146080.0
284199.8658730159
162855.15873015873
222064.4507936508
148229.68253968254
288738.7611111111
298010.03015873017
163666.82539682538
142458.09523809524
347052.66746031743
171144.60396825397
251770.19603174602
159998.49444444446
173720.15873015873
316817.0896825397
147753.6507936508
149252.22222222222
111830.95238095238
213657.22222222222
208658.6753968254
177400.7214285714
116723.01587301587
174656.61031746032
253591.1126984127
66227.85714285714
321416.8388888889
438463.7119047619
269072.3142857143
220172.39206349207
143271.27063492063
247040.96349206349
219546.91587301588
172165.31746031746
117695.71428571429
201086.5888888889
160384.37380952382
75711.90476190476
138836.11111111112
231150.49285714285
285602.9404761905
83351.19047619047
288809.94603174605
197868.80952380953
133795.39682539683
92042.77698412699
126136.1119047619
175750.15873015873
293002.33253968257
176249.2857142857
376621.36666666664
199925.63888888888
269713.03412698413
173285.08095238096
307958.3634920635
280428.35793650796
451337.1595238095
269511.85555555555
351514.2563492064
63986.5873015873
118328.41269841269
321383.8896825397
157585.6349206349
415279.41746031743
177088.49206349207
168500.7142857143
191332.83333333334
485256.26507936505
111380.23968253969
170313.03015873017
149481.26984126985
139325.95238095237
162517.2634920635
131228.8111111111
213075.4896825397
126447.53968253969
176536.19047619047
124492.14285714286
87197.22222222222
154369.12698412698
288087.31904761906
212853.5746031746
160625.55555555556
369015.50952380954
55076.74603174603
123460.31746031746
175368.0158730159
134218.6507936508
87897.14285714286
287895.5619047619
114692.53968253969
196271.7468253968
127165.00079365079
243383.2785714286
105217.30158730158
125402.22222222222
214647.70238095237
304043.8396825397
195966.58809523808
205529.36825396825
74593.01746031747
214244.04761904763
98960.31746031746
327550.9634920635
497971.4547619048
317377.5507936508
250051.673015873
305729.7309523809
272059.36825396825
120969.52380952382
110242.61904761905
98549.84126984127
235752.22222222222
177760.0
134583.73174603176
156630.15952380953
361044.7880952381
206238.58809523808
217603.33492063492
253880.4373015873
179885.47619047618
210502.3015873016
400910.9738095238
134263.0158730159
210116.90793650792
111859.68253968254
449912.01587301586
154382.38174603175
460730.19682539685
152282.38253968253
147393.96904761906
259717.46349206349
286373.97777777776
197915.31904761904
152300.8777777778
141256.43253968254
198717.9365079365
69076.74603174604
364704.83650793653
169266.11111111112
304833.83015873015
224892.22301587302
85931.19047619047
139058.49206349207
161116.5873015873
226281.66746031746
167634.3650793651
217925.0031746032
142479.52380952382
249604.61587301586
104188.96825396825
210861.83095238096
262892.48968253966
214356.04126984128
237405.6349206349
258706.50714285715
373020.8611111111
133909.04761904763
220187.14444444445
175335.71666666667
86228.88888888889
345417.86666666664
404705.7293650794
178973.96984126983
200342.0
145866.11111111112
142328.25476190477
51873.57142857143
61409.28571428572
109235.15873015873
173186.90555555557
332973.66825396824
485865.3404761905
148534.60317460317
399481.9801587302
174828.88888888888
172049.44523809524
106386.58730158731
277420.9674603175
174959.52380952382
221675.31984126984
68403.96825396825
311052.4761904762
185031.1126984127
444762.88253968256
184498.49206349207
213875.3976190476
152535.39682539683
155192.61904761905
303256.1373015873
81648.73015873016
89037.61984126984
359312.75873015873
313001.50317460316
290384.7317460317
420409.9246031746
175924.06587301588
142999.2857142857
127395.15873015873
278866.0373015873
205359.60317460317
252333.89206349207
75163.73015873016
90500.71428571429
197393.3396825397
78913.1746031746
168598.4126984127
217108.49603174604
148192.46031746033
317672.3380952381
341171.04047619045
188929.53015873017
100586.5246031746
57126.19047619047
469160.8484126984
267689.70793650794
416174.35793650796
94316.50793650794
89983.57142857143
135925.2380952381
489160.9801587302
252785.35
289229.93095238094
232354.85
387375.60555555555
123954.68253968254
347280.57380952383
290305.1158730159
196592.77777777778
195365.15873015873
224768.1984126984
109655.87301587302
219193.58412698412
343773.4253968254
184480.24603174604
196962.85952380951
193937.3849206349
268643.98492063495
191775.87301587302
94415.0246031746
247183.50158730158
189020.31746031746
146284.12698412698
243957.61904761905
202600.32301587303
378598.2365079365
152980.55793650795
134523.0158730159
143578.09523809524
460226.6468253968
126355.07936507936
461255.14523809525
90888.96825396825
65216.50793650794
82137.53888888888
294594.5253968254
149489.52380952382
107178.01587301587
248119.61349206348
202277.78015873017
211951.27936507936
228426.83492063492
138148.25634920635
116088.33333333333
145299.12936507937
289046.93174603174
208870.64126984126
328044.25396825396
130407.14285714286
107227.61904761905
151983.65476190476
208449.0484126984
431384.7111111111
213628.0992063492
64849.60317460317
72596.3492063492
187464.8523809524
109291.19047619047
160097.22222222222
216298.9746031746
86765.71428571429
163886.5873015873
231902.87619047618
170614.12936507937
125253.96825396825
183304.94047619047
129568.41269841269
278163.2047619048
171295.95555555556
320589.1238095238
297003.6365079365
145144.84126984127
432483.47698412696
217777.64523809523
155726.11111111112
125347.14285714286
95524.04761904762
192038.8142857143
122651.03174603175
458598.4492063492
195837.54603174602
108987.85634920635
230861.99126984127
347477.01746031747
119058.80952380953
256006.66825396827
136841.3492063492
141824.1277777778
188622.53968253967
180961.75238095238
139673.80952380953
209176.11349206348
90950.31746031746
268743.8888888889
78975.55555555556
75271.11111111111
239232.7015873016
150132.14285714287
177679.28650793651
313616.31666666665
155997.22222222222
231950.6507936508
106669.84126984127
118559.28571428571
109211.19047619047
255745.65317460318
164351.82539682538
114407.46031746031
69526.3492063492
104014.68253968254
230654.44603174602
110741.3507936508
222053.80952380953
87267.46031746031
210607.86746031747
136892.54126984128
210312.30476190476
193932.54761904763
224487.54444444444
68881.3492063492
315728.9142857143
236606.75
202393.89920634922
106185.71587301587
241120.09841269843
347724.7738095238
116001.58730158731
274327.85
129160.47619047618
75834.60317460318
108055.0
102089.76190476191
186661.42857142858
193673.09603174604
337185.9150793651
416528.3626984127
235568.3388888889
197536.42936507936
245927.17222222223
129021.58730158731
143217.6984126984
183250.0
312598.41984126985
274911.6777777778
181289.04761904763
151783.09841269843
217406.53095238094
110462.06349206349
326864.93015873013
454245.3507936508
83175.31746031746
290466.1642857143
134874.3650793651
130391.3492063492
251507.07142857142
301277.1642857143
93165.0
179983.4126984127
182954.84444444443
176261.27222222224
257416.03492063493
200210.0007936508
176597.77777777778
183758.73015873015
65457.857142857145
176787.46031746033
431747.42698412697
179033.3373015873
274756.2301587302
190370.55952380953
202649.45396825398
80542.61904761905
204782.06507936507
89341.74603174604
292872.3857142857
154547.3015873016
163040.39682539683
234772.77936507936
230204.44603174602
156356.3492063492
123907.53968253969
333408.5365079365
301252.7261904762
120871.50793650794
114081.98412698413
102389.92301587302
101143.09523809524
303425.8984126984
89444.28571428571
216452.0642857143
277553.3888888889
125062.14285714286
89360.95238095238
135854.7619047619
194055.87380952382
461887.923015873
93523.73015873016
107715.63492063493
314061.9420634921
282254.8714285714
394617.5896825397
232496.68492063493
128411.98412698413
99244.60317460318
203009.92142857143
118950.39682539682
218115.55555555556
134991.50793650793
221480.0873015873
193967.61904761905
229099.84126984127
462983.5833333333
210686.26984126985
266554.546031746
201704.923015873
206181.83412698412
315978.73253968253
466990.9936507936
175615.07936507938
73431.11111111111
406022.23412698414
212048.81031746033
174152.06587301588
123930.79365079365
271790.3206349206
183388.09523809524
188202.61904761905
176164.60952380951
106993.09523809524
139278.65
230816.11587301586
157432.0642857143
178640.8015873016
439278.0984126984
59372.61746031746
253744.86666666667
281953.92063492065
318358.8126984127
175695.95238095237
206133.82936507938
263375.6476190476
226342.06507936507
248848.76111111112
293075.50317460316
126882.93650793651
344937.86904761905
186148.80952380953
102666.90476190476
164841.3492063492
107813.33333333333
488642.6873015873
252088.57539682538
342029.7492063492
224505.55714285714
82315.95238095238
67904.3626984127
148988.0158730159
60734.76190476191
231338.90317460318
303441.4
366387.77936507936
58300.15793650794
118002.77777777778
121926.58888888889
172256.66666666666
87149.52301587301
133542.7785714286
218924.3746031746
277858.5015873016
400644.41984126985
180154.1373015873
407998.31031746033
98582.70952380952
83967.14285714286
141339.68253968254
296509.29047619045
164415.95238095237
287573.98253968253
297274.84920634923
136816.19047619047
148818.57142857142
264871.04841269844
300566.5119047619
367252.7119047619
171918.4126984127
214041.51904761905
149174.44444444444
105203.41269841269
93349.28571428571
155987.14285714287
145654.20793650794
83330.07936507936
311842.4936507936
74518.09523809524
144627.6984126984
378410.6476190476
193290.79523809525
98942.38095238095
285249.0896825397
198830.82936507938
462950.97222222225
216009.60476190477
79032.14285714286
112224.12698412698
112292.22222222222
264406.77222222224
280856.7880952381
90779.60317460318
176397.14285714287
180775.08253968254
158819.68253968254
108989.12698412698
176160.08571428573
68519.04761904762
354851.1873015873
222889.36984126983
101614.36587301588
177318.88888888888
175083.8119047619
318777.60476190475
246666.3523809524
247655.55873015872
154064.12698412698
239324.29126984128
138385.79365079364
140426.50793650793
247010.5619047619
234515.39682539683
227262.00714285715
461805.88333333336
487462.546031746
327223.50317460316
166175.87301587302
158816.19047619047
137928.6507936508
287377.173015873
414500.78492063493
135446.5873015873
349342.0714285714
125224.68253968254
232763.89126984126
99161.98412698413
101893.33333333333
149577.38253968253
71611.19206349207
106369.20634920635
260642.31746031746
178015.07936507938
79355.95238095238
238195.32777777777
289075.40714285715
335068.70793650794
446664.3468253968
150740.3984126984
125696.42857142857
112601.66666666667
111464.84126984127
92065.07936507936
194494.60793650793
146935.95238095237
166192.22222222222
69943.73015873016
341476.9992063492
232560.96031746033
253262.30793650795
470143.3714285714
182641.9841269841
237903.88968253968
316751.17698412697
203642.30317460318
206542.38253968253
281473.8626984127
173768.80952380953
371851.4603174603
336455.15555555554
294323.78412698413
181458.57142857142
235772.7015873016
153194.78968253967
204188.33809523808
108466.8253968254
178717.9365079365
297716.28571428574
118758.41269841269
248078.8365079365
105307.38095238095
195395.79365079364
154964.68253968254
177948.6507936508
142809.44444444444
151921.3492063492
226148.50158730158
78441.98412698413
105073.25476190477
209121.11111111112
145017.53968253967
185843.49285714285
147531.9841269841
459158.1158730159
343478.6912698413
155506.35079365078
307639.9936507936
380052.14285714284
99576.66666666667
254978.72301587302
67384.9619047619
295476.21428571426
94876.90476190476
478561.4984126984
94256.66666666667
81228.01587301587
232188.673015873
154128.1761904762
256183.7468253968
308075.72142857144
201320.15873015873
197380.55873015872
131422.0634920635
155655.07936507938
271769.10555555555
132998.4126984127
326844.6158730159
91718.01587301587
163240.8746031746
316710.3150793651
228439.37142857144
349186.3603174603
489036.6341269841
191653.10317460317
70326.74761904762
126133.57142857143
121696.19047619047
107518.1746031746
313047.953968254
166247.63650793652
287883.0206349206
214276.19047619047
156995.79365079364
112928.80952380953
193724.3650793651
166483.33333333334
195171.03174603175
112998.57142857143
309237.6777777778
58481.74603174603
210313.97063492064
174546.2761904762
362273.29206349206
158810.1603174603
84610.39682539682
157019.2857142857
164281.19126984128
146329.44603174602
346092.3888888889
202958.33333333334
89715.07857142857
105469.36507936507
174401.82777777777
250256.1984126984
226472.22857142857
328799.1865079365
257665.47857142857
238784.13095238095
379306.3079365079
273394.32301587303
335508.1119047619
375479.75793650793
98532.14285714286
160131.8373015873
399818.5373015873
236915.7992063492
229466.43015873016
120679.84126984127
133873.0158730159
107543.33333333333
207187.6222222222
136511.82539682538
74565.31746031746
318709.9238095238
95253.73015873016
276833.68333333335
98876.50793650794
123055.23809523809
295938.50238095236
170561.11666666667
244753.74761904762
346515.8476190476
243963.7341269841
250286.99126984127
105950.71428571429
162887.89126984126
59730.95238095238
407111.1357142857
183406.66666666666
276027.77857142856
108818.49206349206
87289.68253968254
180863.17460317462
123366.49682539683
175088.49206349207
341191.07936507935
335339.5333333333
462984.73968253966
137069.60396825397
128769.44444444444
179725.47619047618
338769.0595238095
345079.67142857146
293325.56904761906
283756.3746031746
160696.9865079365
115245.79365079365
104062.30158730158
240743.1753968254
156629.12698412698
279273.7357142857
222836.6880952381
263557.2261904762
93388.88888888889
229548.3396825397
70071.19047619047
217471.11111111112
157134.68253968254
137291.19047619047
361783.0468253968
56613.65079365079
442624.53015873017
278993.1
356772.6412698413
155039.60317460317
336783.66825396824
182513.81746031746
165408.33333333334
115318.25396825396
71829.04761904762
125666.3492063492
195792.38253968253
408318.0015873016
221365.47619047618
205916.42936507936
216473.01825396824
294151.8476190476
257968.6761904762
182978.57142857142
477212.06984126987
298248.57936507935
154311.3492063492
171643.4126984127
208943.58015873015
383120.70873015875
119966.46349206349
253666.35079365078
110147.69841269842
102366.8253968254
218162.06904761904
252350.79523809525
97831.26984126984
113049.76190476191
217668.8119047619
164574.44444444444
73376.66666666667
444606.1722222222
74556.11111111111
108289.60317460318
317101.61825396825
214424.20634920636
77680.63492063493
431560.44603174605
191631.03650793651
157255.31825396826
375304.75
253277.40317460318
376717.18333333335
322521.03412698413
371693.99682539684
385803.22142857144
165143.1865079365
116380.07936507936
200444.20714285714
64992.93650793651
88077.85714285714
408012.51031746034
80023.1746031746
80066.03174603175
354306.78571428574
112210.79365079365
75709.76190476191
179186.11111111112
74715.79365079365
162696.58809523808
196040.64047619049
294830.0507936508
292728.903968254
157198.49603174604
133598.57142857142
171471.90476190476
309064.6341269841
268792.06746031746
90527.85793650793
125019.04761904762
257970.75476190477
272332.32936507935
193391.19285714286
92612.93650793651
103510.81507936509
480620.046031746
133283.49206349207
192478.73015873015
234091.98492063492
163214.7619047619
120961.11111111111
265202.46428571426
260130.6753968254
277918.08015873015
133280.63650793652
116668.96825396825
151312.38253968253
328666.95634920633
55503.333333333336
245556.05555555556
184923.57142857142
140298.09603174604
107045.47619047618
76542.77777777778
66246.66666666667
157813.73015873015
150640.16190476192
183027.54126984128
398793.20634920633
260833.75396825396
178673.33492063492
283481.2182539682
188817.14285714287
257271.59365079366
461951.3714285714
467665.08095238096
450971.10714285716
197021.11111111112
165683.3365079365
173827.61904761905
134451.26984126985
359943.30476190476
158842.14285714287
382513.3404761905
238181.25952380954
395394.4857142857
202792.6992063492
74269.12698412698
366202.873015873
162183.49365079365
301272.3484126984
125527.06428571428
273342.31666666665
172583.49206349207
194665.7373015873
169870.71984126983
89230.39682539682
226158.18253968254
95364.76190476191
165025.7142857143
98272.06428571428
92294.60317460318
167886.98492063492
72099.36507936507
243369.13650793652
155828.8119047619
476921.46507936507
104174.12698412698
97133.09523809524
198058.97222222222
101894.20634920635
193652.54365079364
111492.53968253969
442034.86666666664
322945.8142857143
191533.96825396825
77659.12857142858
198780.40238095238
151025.7142857143
377000.8785714286
107280.47619047618
235240.3246031746
205354.79682539683
278178.3373015873
345613.29841269844
154880.47619047618
180112.4619047619
110964.04761904762
97983.80952380953
99350.79365079365
199609.12857142856
239754.92857142858
55030.87301587302
97818.65
367155.03015873017
160024.84285714285
166686.1119047619
131405.31904761904
483876.1246031746
196573.33492063492
227516.75238095238
170086.75238095238
101666.03174603175
173536.3492063492
215223.33412698412
239075.71984126983
177593.25396825396
315660.09285714285
240596.43015873016
202841.3523809524
136344.20634920636
319726.1984126984
77602.14285714286
235177.70634920636
99651.50793650794
400118.9809523809
300270.86746031744
210797.14285714287
300089.8650793651
165653.57142857142
133012.38095238095
360501.21984126983
256892.1626984127
76259.52142857143
333930.7119047619
265573.096031746
182956.74603174604
241315.09365079366
109141.66666666667
169649.52380952382
144269.20634920636
216939.76666666666
112350.08095238096
199631.19206349205
137191.90555555557
77751.26984126984
171475.15952380953
54769.04761904762
108177.53968253969
309488.0595238095
80809.36507936507
188671.03333333333
221864.29682539683
300779.1880952381
192273.96825396825
214956.5896825397
93966.50793650794
289615.1595238095
238958.90634920634
179231.0380952381
219502.77936507936
171161.43015873016
311363.0365079365
271724.9626984127
111225.6373015873
134794.44523809524
224118.73015873015
151864.13412698414
299069.26666666666
183487.38412698414
255495.45555555556
266392.3071428572
199428.09841269843
122323.33333333333
99711.19047619047
190352.86666666667
242856.67936507936
104575.23809523809
236431.5896825397
157227.0642857143
184355.63650793652
122091.3492063492
198776.5896825397
213937.63571428572
242035.87301587302
130562.22619047618
323819.15
132661.9841269841
140340.39682539683
183604.76984126985
203704.20793650794
140924.2857142857
166630.95238095237
80441.90476190476
422266.5841269841
188036.59126984127
70187.22222222222
154689.92460317462
72710.63492063493
108731.90476190476
172169.20634920636
105028.8880952381
311067.7428571429
187471.59047619047
167572.3015873016
244251.68095238096
230457.30317460318
187965.55634920634
169897.46031746033
125711.11111111111
98526.74603174604
345313.93253968254
271374.79047619045
105924.20634920635
88707.22222222222
276494.2896825397
164732.22222222222
195086.9841269841
415799.7174603175
398521.34920634923
215396.66825396827
159887.54285714286
192468.8126984127
115249.52380952382
319689.8992063492
162900.79523809525
328326.3785714286
245441.5896825397
459939.46507936507
137422.14285714287
229370.40714285715
381428.82936507935
204825.0
211713.43492063493
388184.40555555554
173054.60555555555
163136.35079365078
262607.2738095238
123527.85714285714
120606.3492063492
230982.6992063492
215558.7396825397
218912.72063492064
140853.49365079365
134639.04761904763
200102.94365079366
110227.77777777778
204712.9380952381
204334.5253968254
220473.5896825397
276237.25396825396
139752.14285714287
199714.52380952382
131951.19047619047
480379.0492063492
175998.25396825396
262002.9714285714
216943.9714285714
357200.05476190476
274593.9682539682
197288.0246031746
256918.34047619047
229847.56587301588
85665.31746031746
213509.05317460318
141246.90476190476
257810.7992063492
184548.33412698412
60742.53968253968
71670.87301587302
280915.19444444444
216558.9714285714
84718.09523809524
231148.90158730157
173010.55873015872
197670.79365079364
96291.19047619047
101987.38095238095
296577.6380952381
225275.56031746033
85888.1746031746
192848.8142857143
196207.30714285714
138592.6984126984
278056.4634920635
183424.84365079366
249578.3515873016
201507.86031746032
139128.96825396825
78751.58730158731
69004.68253968254
82441.19047619047
388780.4222222222
155613.4126984127
173856.65952380953
175574.7619047619
177517.53968253967
289901.5126984127
237428.82301587303
230184.5253968254
155630.55634920634
208858.5738095238
120204.92063492064
147576.90476190476
170530.07936507938
296619.79365079367
121951.3492063492
153278.57142857142
246875.5285714286
130886.8253968254
118056.42857142857
257404.0492063492
207790.95396825398
282594.15634920634
117042.69841269842
149706.5873015873
199492.0634920635
277796.6753968254
89148.01587301587
194209.29285714286
285557.14603174606
100873.81031746032
388289.03412698413
132426.9841269841
189424.7619047619
466643.8595238095
151713.65158730157
224476.50793650793
77415.0
213596.273015873
161326.82539682538
144841.9134920635
132374.52380952382
115649.13174603175
73709.04761904762
189260.0
329183.3246031746
147111.82539682538
257644.76507936508
68940.79365079365
181342.46031746033
281658.1928571428
118940.87301587302
139548.73015873015
194410.15873015873
52068.968253968254
142034.12698412698
474558.5722222222
199889.36666666667
265763.3785714286
65940.15873015873
388650.6341269841
195485.95238095237
88047.85714285714
200149.36666666667
125001.50793650794
92872.61904761905
137797.30238095237
165341.0373015873
178182.61904761905
324095.8095238095
227512.78015873017
67172.29523809523
195310.55714285714
307303.90476190473
153240.15873015873
201494.5253968254
246377.53968253967
480814.9373015873
316749.30555555556
198655.40396825396
128191.66666666667
330253.27777777775
277746.20238095237
248365.04047619048
249005.64523809523
106624.92063492064
267637.3880952381
134012.2238095238
195912.61904761905
451780.4365079365
75934.28571428571
108269.12698412698
183720.1626984127
114719.12698412698
238123.5896825397
255279.1865079365
220152.22857142857
179876.0373015873
266647.0246031746
303099.6119047619
126745.87380952381
150580.00158730158
144928.273015873
73392.46031746031
306122.17698412697
398669.80634920637
370014.1023809524
455894.3714285714
160178.0158730159
244915.01111111112
281543.99523809523
269432.94603174605
144594.7634920635
130033.80952380953
180101.11349206348
290598.5142857143
328728.31587301585
255144.20952380952
292361.60793650796
98857.14285714286
116958.89206349207
125401.42857142857
352941.7055555555
99592.46031746031
192357.0634920635
115943.96825396825
470475.5523809524
147204.68253968254
478824.45714285714
241146.90793650792
173360.6380952381
64725.793650793654
156920.31904761904
106370.23809523809
376600.22857142857
161769.0492063492
174523.96984126983
214057.7857142857
190210.08571428573
66659.28571428571
261823.96904761906
154916.50873015873
178411.03174603175
134794.7619047619
112084.12698412698
256327.07063492064
129957.46031746031
183082.22222222222
105149.20476190477
318873.90555555554
253151.9103174603
345516.7111111111
111123.57142857143
94085.15873015873
180457.06507936507
91533.80952380953
289844.05
286201.9936507936
174412.9388888889
123862.53968253969
320733.4507936508
215375.16507936508
262907.8388888889
340768.25238095236
260912.66190476192
103052.46031746031
167776.42936507936
157291.03492063493
183125.95238095237
281718.9634920635
271192.78095238097
98447.54285714286
194105.24126984127
199140.25
85278.33333333333
84458.96904761904
486306.93968253967
484053.7031746032
70508.41269841269
90771.74603174604
135463.17460317462
354180.7682539683
193590.7142857143
325340.70634920633
181511.1126984127
188501.1119047619
144179.36746031747
105346.98412698413
269581.7007936508
257563.25634920635
116949.84126984127
97356.26984126984
219404.68253968254
134232.38174603175
225659.3777777778
173457.38095238095
192259.84285714285
159499.7634920635
168795.0
148817.0634920635
484272.9103174603
288870.6412698413
262683.8150793651
247994.77777777778
300398.34444444446
207890.8753968254
152556.66666666666
202466.273015873
290524.4793650794
147141.74761904762
262091.83174603173
139559.84126984127
84640.31746031746
194143.89206349207
205897.14444444445
52758.1746031746
234231.1
78416.66666666667
209794.60317460317
335707.85
150201.50793650793
136436.26984126985
59316.031746031746
76952.46031746031
197398.63333333333
243779.13253968253
189679.12857142856
143904.84126984127
208432.3134920635
176130.15873015873
174760.95238095237
357825.7571428571
124206.74603174604
275666.3206349206
130692.53968253969
192555.39682539683
259205.63650793652
203344.60952380951
112966.42857142857
208414.2873015873
88668.09523809524
353594.3468253968
180565.79444444444
236195.64047619049
274573.3785714286
134374.2857142857
245246.83174603173
62402.93650793651
213057.46349206349
288601.9103174603
279631.75396825396
242012.79047619048
187580.2396825397
306686.123015873
183812.22777777776
292376.45634920633
158576.11111111112
323430.7103174603
383696.34126984124
255446.82539682538
160636.82539682538
232574.05555555556
476022.4626984127
99791.03174603175
404333.50476190477
294681.27142857143
91419.76190476191
258248.09682539682
153200.15873015873
116466.42857142857
319385.5238095238
116557.61904761905
140806.3515873016
76959.52380952382
182908.49365079365
211882.80793650795
157085.55634920634
178185.64603174603
168994.79285714286
378734.2515873016
201818.17460317462
174424.3650793651
183353.0158730159
187759.29047619048
153025.47619047618
237789.98571428572
230392.39126984126
70389.68253968254
172540.6380952381
183841.74761904762
197623.8119047619
144068.17936507936
74074.92063492064
301092.8253968254
303815.6380952381
109797.14285714286
177266.35
169113.6507936508
194081.90476190476
343966.4238095238
192879.84126984127
382463.2309523809
283377.873015873
315339.876984127
241915.16507936508
241828.09682539682
236372.46984126983
228398.80952380953
166145.6349206349
464087.1984126984
130600.07936507936
163634.7619047619
382601.99523809523
282274.2357142857
99461.98412698413
280764.04761904763
256482.25714285715
94793.80952380953
90498.33333333333
162521.90476190476
326227.07936507935
154693.0158730159
342467.57936507935
328145.43412698415
182399.84285714285
86381.94365079365
299511.4095238095
150511.50952380954
319078.5595238095
269215.0063492064
132741.90476190476
166031.87857142856
129964.92063492064
201502.38253968253
258703.023015873
277281.3507936508
399371.8777777778
252259.2214285714
95779.92063492064
420953.76666666666
221856.66825396827
95362.06349206349
79419.36507936507
209185.40158730157
79141.26984126984
182606.90555555557
196651.11349206348
149816.1126984127
118929.20634920635
303749.2952380952
183628.09523809524
123731.3492063492
147787.06507936507
386516.6261904762
463493.6246031746
101611.11111111111
149408.88968253968
261763.97301587302
100216.98412698413
164538.6507936508
225045.32301587303
127095.15873015873
274878.8095238095
133036.3492063492
77798.88888888889
194721.75396825396
412054.90714285715
215935.31825396826
357694.09365079366
292530.70714285714
66807.30158730158
212480.0
224157.38650793652
74801.90476190476
107165.15873015873
351009.4984126984
201443.09603174604
474691.1531746032
86710.00079365079
146505.7142857143
163574.68253968254
148767.70238095237
246506.12063492063
97982.77777777778
132752.46031746033
306191.9753968254
103219.12698412698
133525.7142857143
160264.52380952382
83735.55555555556
146327.77777777778
69562.69444444444
227015.5619047619
181902.48015873015
328356.70158730156
198521.12857142856
123146.3492063492
157482.77777777778
160432.4619047619
171900.55555555556
179249.52380952382
310373.3658730159
130198.49206349206
95389.44444444444
212554.52380952382
182100.95238095237
103044.12698412698
158463.0158730159
177874.20634920636
63957.53571428572
482713.9611111111
157896.8261904762
366914.2261904762
66717.46031746031
151052.46587301587
57521.98412698413
131465.07936507938
466179.68253968254
261147.79444444444
183108.49603174604
243163.73888888888
166006.03253968255
164231.1126984127
235039.53333333333
382539.83015873015
393199.07857142854
91028.49206349206
210078.0158730159
224804.5285714286
177975.7142857143
233023.41428571427
197642.46031746033
191922.0634920635
343442.653968254
77532.38095238095
226341.2761904762
132868.17460317462
233427.1
216218.33412698412
275196.60634920635
127130.71428571429
155630.95238095237
263093.42698412697
271235.83095238096
495090.99126984127
225641.8515873016
229709.52698412698
115763.41269841269
113288.96825396825
329883.1285714286
333570.3523809524
137571.3492063492
298758.0333333333
113913.73015873016
177335.55793650795
225854.3650793651
183867.06904761904
295584.52777777775
263292.85476190475
285672.7873015873
361454.4531746032
211792.62063492063
124955.63492063493
144754.3650793651
251614.31746031746
156511.74603174604
147070.24126984127
74094.92063492064
232807.08809523808
251773.6
126535.39682539682
377483.00793650793
114794.92222222222
152073.1
173459.84444444443
276608.2563492064
162110.79761904763
174619.5253968254
103587.85714285714
210493.96825396825
74171.1888888889
466605.94682539685
185782.22222222222
256637.38253968253
63253.65079365079
284799.1365079365
258922.24047619046
225263.89285714287
132437.14285714287
173946.7603174603
309071.23333333334
329470.93412698415
222268.09841269843
120382.93650793651
88943.09523809524
137957.22222222222
80106.74603174604
342990.2055555555
130430.07936507936
155362.77936507936
88878.09523809524
138804.21031746033
197322.39365079365
140120.7142857143
156361.42857142858
50314.36507936508
415338.3650793651
235395.89285714287
329823.4349206349
219430.87380952382
378929.1404761905
396254.0253968254
199525.79682539683
141777.85714285713
132865.47619047618
427726.0111111111
227571.1246031746
191239.04761904763
487382.01666666666
124321.26984126984
56161.666666666664
226318.81825396826
121688.41269841269
212893.73174603176
175194.3650793651
371372.8634920635
178188.17460317462
161283.96904761906
58035.47619047619
280333.1015873016
119785.39682539682
184457.38095238095
106689.60317460318
176016.66825396827
96742.06349206349
115068.1746031746
190800.64206349207
304779.376984127
172855.15873015873
194744.84206349208
254525.97857142857
203847.01666666666
306344.06031746033
102895.15873015873
120114.04761904762
214524.2857142857
226787.56904761904
147465.79523809525
186338.41428571427
78710.55555555556
345496.71428571426
146337.85714285713
58750.31746031746
244392.9388888889
202911.50952380954
90552.14285714286
286213.92619047617
119349.36507936507
115137.69841269842
378006.56746031746
151776.19047619047
149452.6984126984
128965.55555555556
135974.68253968254
176933.88888888888
64648.65079365079
353127.22777777776
180267.9388888889
233707.95634920636
122461.74603174604
94580.95158730159
261979.1603174603
162610.55714285714
223884.2119047619
211361.0380952381
116458.09523809524
257051.27380952382
419662.0246031746
381536.31984126987
127700.87301587302
361778.85
65033.57142857143
59510.47619047619
95082.93650793651
189331.19047619047
262598.423015873
175877.7880952381
231713.09523809524
193621.5873015873
249010.5611111111
123884.68253968254
241334.84444444443
194266.48571428572
229661.6126984127
379391.68095238094
206048.41666666666
113787.77777777778
367888.0642857143
134528.49206349207
245735.47619047618
125511.58888888889
85694.84126984127
297340.93968253967
196597.14603174603
270541.8388888889
194196.19047619047
495574.6015873016
343247.0182539683
142041.5888888889
159100.87301587302
218644.29603174602
137069.60634920635
52890.71428571428
136588.97063492064
128986.90476190476
180211.5103174603
200786.03253968255
274595.4357142857
205745.08412698412
163347.30317460318
172347.85714285713
289970.8
318094.95952380955
257650.6857142857
136654.2857142857
283985.6492063492
184201.74603174604
127714.52380952382
151497.38095238095
124015.47619047618
109478.09523809524
298799.61984126986
202622.23571428572
249464.05238095237
179975.71587301587
95956.26984126984
224112.0738095238
219175.0896825397
383726.46507936507
94798.41269841269
267112.7833333333
64144.12698412698
112450.31746031746
203046.19365079366
55081.19047619047
300629.44365079363
106978.41269841269
297976.73492063495
120261.90476190476
171264.38095238095
209950.54603174602
222519.7
418301.3650793651
362687.93888888886
127045.87301587302
140866.19047619047
128133.73095238095
256917.86428571428
224213.73492063492
328886.68253968254
189836.3492063492
155887.53968253967
104322.85714285714
364523.8380952381
99616.26984126984
211897.38095238095
168278.0158730159
195794.60476190477
275735.8015873016
77729.84126984127
395826.68015873013
143445.79365079364
105916.8253968254
89375.23809523809
112507.38095238095
465758.9253968254
232641.82857142857
222837.7
283504.3642857143
491186.91349206347
154614.7619047619
316255.52777777775
98692.69841269842
104553.49206349206
139330.95238095237
170315.6349206349
405294.00952380954
96530.00714285714
122790.31746031746
128399.84206349206
270332.72777777776
244258.90396825396
182932.38095238095
181951.50873015873
71978.25396825396
287037.7238095238
334582.81031746033
165599.3650793651
209549.30476190476
239686.90793650792
257499.5285714286
121443.33333333333
88793.49206349206
171119.7626984127
171177.85873015874
118750.63492063493
107776.50793650794
170726.83174603173
99065.15873015873
259585.52380952382
130599.68253968254
389042.9404761905
106080.15873015873
69118.25396825396
187755.55793650795
243576.92777777778
215440.0
117302.38095238095
226868.25396825396
232489.2126984127
77489.20634920635
443337.8603174603
76683.80952380953
75437.06349206349
280954.40079365077
331017.84523809527
404884.953968254
331237.6611111111
113836.90476190476
332955.6746031746
336005.8984126984
140699.20634920636
378949.32301587303
392766.223015873
194773.8119047619
222804.39047619049
212381.26984126985
219770.24047619046
237889.53968253967
296438.52222222224
339127.81825396826
191371.82539682538
269769.48492063495
245789.1277777778
227642.08174603173
217720.6349206349
336524.64444444445
182137.07539682538
93045.15873015873
170641.44126984128
177960.87301587302
180987.30396825398
183029.4484126984
157580.5158730159
435973.51746031747
173549.20634920636
171440.31904761904
348355.8658730159
258387.85714285713
304818.85634920635
139659.92063492062
137180.07936507938
59942.53968253968
102190.15873015873
132141.19206349205
114820.39682539682
185416.82539682538
73018.96825396825
204415.56507936507
263176.7507936508
240104.60634920635
169373.0158730159
384530.0857142857
186591.50793650793
197744.85555555555
202538.4380952381
159128.01746031747
388865.5206349206
93736.26984126984
83547.14285714286
347607.4158730159
192581.74761904762
99940.63492063493
215482.22619047618
148444.68253968254
148868.96825396825
230249.57301587303
169963.88888888888
188181.9873015873
221433.98174603176
68801.42857142857
133391.90476190476
237869.4492063492
321930.9928571429
225480.47857142857
134081.19126984128
136463.25396825396
127782.14365079365
337885.31111111114
158906.82777777777
127982.93650793651
214006.60555555555
109144.60476190476
145982.14285714287
232336.74603174604
187985.87301587302
260936.20634920636
186756.5888888889
182180.39682539683
160709.10634920635
237740.32301587303
163424.20634920636
288912.3650793651
411911.9761904762
450204.79761904763
178573.88888888888
376429.9880952381
260615.6349206349
376080.9761904762
166924.84126984127
346031.00317460316
106456.3507936508
275226.5142857143
313557.5388888889
206239.3650793651
112603.65158730159
99870.15873015873
269832.0134920635
173573.73015873015
239633.33492063492
147936.19444444444
74541.66666666667
251500.32777777777
112354.52380952382
87435.47619047618
178102.46031746033
121381.51031746031
168167.4611111111
264189.05634920637
230822.51904761905
443169.2761904762
241635.25873015873
88780.63492063493
74483.73015873016
222814.60793650793
96315.15793650794
196368.25396825396
189612.70238095237
253346.45396825398
324411.9357142857
217845.87857142856
135596.90476190476
98210.63492063493
109135.39682539682
308816.59444444446
280692.6984126984
187436.5888888889
144930.2380952381
199509.20873015872
91249.44444444444
95424.28571428571
203986.03650793651
245027.94285714286
234864.36825396825
128486.26984126984
246436.9880952381
191127.9373015873
359642.19603174605
97562.06349206349
205496.11746031747
218362.46349206349
230058.59761904762
168771.9841269841
115017.53650793651
174588.6507936508
77409.92063492064
311622.9555555555
211280.0865079365
270046.653968254
186462.77777777778
116229.60317460318
180447.46031746033
182371.99444444446
221600.00158730158
242988.34841269843
80208.25396825396
207544.4515873016
202848.3134920635
485743.42142857146
56655.473809523806
153158.17460317462
175312.3015873016
93740.47619047618
238687.4896825397
181309.2857142857
286613.34126984124
194196.19047619047
234169.16666666666
286937.35634920635
144693.88888888888
82437.22222222222
310084.18095238094
181256.42857142858
115297.46031746031
154941.90634920634
150903.88888888888
257538.45634920636
109485.23809523809
378476.1658730159
209100.71904761906
138083.73015873015
343673.7611111111
220530.3976190476
173967.77777777778
407725.69603174605
148428.49285714285
156665.95238095237
333049.72063492064
246966.90555555557
394357.27301587304
80666.19047619047
114062.06349206349
245179.12698412698
214122.30317460318
124490.07936507936
171412.6984126984
55973.88888888889
99122.38095238095
438799.6357142857
378897.21904761903
114787.38095238095
413145.5626984127
425631.72063492064
183321.523015873
74998.41269841269
163487.4611111111
138138.80952380953
153742.38095238095
86811.66666666667
232544.92698412697
177586.82539682538
154618.96825396825
157824.68412698412
155305.6349206349
241064.5626984127
104948.73015873016
143233.33333333334
57399.02222222222
369666.0190476191
264716.0507936508
445996.01031746034
298676.84444444446
293529.6031746032
77849.20634920635
81051.32936507936
57572.77460317461
168013.17460317462
138481.28412698413
236170.08333333334
86401.98412698413
105510.95238095238
94704.52380952382
147792.6380952381
132364.5246031746
309938.3619047619
363530.4166666667
294765.95793650794
150211.50793650793
306343.6873015873
423602.4126984127
156004.04761904763
187532.3015873016
109105.23809523809
101710.79365079365
124066.66666666667
90155.95238095238
123627.30158730158
134129.44603174602
350485.7611111111
216471.19047619047
189285.47857142857
347723.74682539684
241172.70396825398
87811.58730158731
195206.43174603174
303645.33095238096
163779.37619047618
156337.6984126984
257093.65555555557
211652.4642857143
316745.20238095237
131039.04761904762
206501.74603174604
293830.6595238095
212808.1761904762
221209.12936507937
173551.19047619047
183753.57222222222
281076.6880952381
405889.9111111111
190879.52380952382
218777.3111111111
72602.22222222222
75515.63492063493
322230.90714285715
211932.38253968253
186351.12142857144
222530.72301587302
110754.76190476191
254499.8492063492
241042.86825396825
189761.66904761904
86584.84126984127
335624.64285714284
112037.06349206349
295553.5063492064
116601.74603174604
347116.4936507936
187021.82936507938
55636.34920634921
219072.77936507936
74624.84126984127